100

L 50M CLASS PONTOON BARGE
1 50.000 16.000 3.500 25.000 0.000 0.015 0.015
   5
2.000 2.000
1 0  0.000  2 3.500            
1 0  0.000  2 1.750 1.750 7.400
1 0  0.300  2 1.600 1.600 7.700     
1 0  0.600  2 1.450 1.450 8.000
1 0  2.500  2 0.500 0.500 8.000
1 0  3.500  2 0.000 0.000 8.000
2 0  3.500  2 0.000 0.000 8.000
2 0  5.000  2 0.000 0.000 8.000
2 0 10.000  2 0.000 0.000 8.000                        
2 0 15.000  2 0.000 0.000 8.000                        
2 0 20.000  2 0.000 0.000 8.000                                    
2 0 25.000  2 0.000 0.000 8.000                                    
2 0 30.000  2 0.000 0.000 8.000                                    
2 0 35.000  2 0.000 0.000 8.000                                    
2 0 40.000  2 0.000 0.000 8.000                        
2 0 45.000  2 0.000 0.000 8.000            
2 0 46.300  2 0.000 0.000 8.000
3 0 46.300  2 0.000 0.000 8.000 
3 0 47.500  2 0.714 0.714 8.000
3 0 49.000  2 1.605 1.605 8.000
3 0 49.500  2 1.903 1.903 7.500     
3 0 50.000  2 2.200 2.200 7.000 
3 0 50.000  2 3.500 

1 0.000 8.000 0.000 0.000
0
1 0  0.000  7.400  3.500 0 0 1
1 0  0.300  7.700  3.500 0 0 1
1 0  0.600  8.000  3.500 0 0 1 
1 0  2.500  8.000  3.500 0 0 1 
1 0  5.000  8.000  3.500 0 0 1 
1 0 10.000  8.000  3.500 0 0 1 
1 0 15.000  8.000  3.500 0 0 1                         
1 0 20.000  8.000  3.500 0 0 1                         
1 0 25.000  8.000  3.500 0 0 1                                     
1 0 30.000  8.000  3.500 0 0 1                                     
1 0 35.000  8.000  3.500 0 0 1                                     
1 0 40.000  8.000  3.500 0 0 1                                     
1 0 45.000  8.000  3.500 0 0 1                         
1 0 47.500  8.000  3.500 0 0 1             
1 0 49.000  8.000  3.500 0 0 1 
1 0 49.500  7.500  3.500 0 0 1   
1 0 50.000  7.000  3.500 0 0 1  

1 16.00 0.120 









