100       1
0     0     0     0                                                       
0.000 3.500 46.300 50.000                                                 
5   19  7                                                                 
1    1  1                                                                  
0.00  4.00  -3.00   3.00
0.400 3.30 0.01 1.025 1
0.500        



                                                                          
                                                                                
                                                                                
