100
410.560   3.500   2.963                                                   
                                                                                
5
STORE           
501.      2.000     4.500     21.00              
CREWS                       
601.      0.200     7.000     -16.75              
E/R SMALL TK.
701.      5.000     1.700     -7.000              
CARGO ON DECK
801       1675.960  6.000     -4.000      
CARGO ON CRANE           
802.      100.00     20.860    22.450              
                                                                                
1.0250 
10       LIGHTSHIP 
0        0             


20.       FULLLOAD                                
0    0    0    0    0
501   -1.000   1.000      
801   -1.000   1.000             
	
	
	
	
	
	
	
	
	
	
	
	
501.      -1.00     1.00      0.0                                               
601.      -1.00     1.00      0.0                                               
701.      -1.00     1.00      0.0                                               
802.      -1.00     1.00      0.0    
210       -0.96     0.86      2.0
220       -0.96     0.86      2.0
310       -1.00     1.00      2.0
320       -1.00     1.00      2.0
